1 5 6
5 6 7
10 7 3
4 8 4
2 5 4
4 3 6
6 2 4
8 6 9
5 9 2
7 2 7
2 1 4
3 3 8
1 5 9
1 3 8
1 1 2
11 4 6
2 5 6
10 9 1
4 8 3
7 7 1
9 1 2
1 6 5
1 5 9
5 3 8
2 9 1
5 3 9
3 6 8
5 9 6
6 6 3
3 3 2
1 9 8
13 2 3
3 8 1
11 1 4
3 4 1
2 6 5
4 6 8
17 3 9
1 1 8
1 6 5
1 3 7
1 7 4
3 4 1
1 3 8
4 8 1
3 5 9
1 6 4
4 4 8
2 8 4
2 1 6
4 8 6
1 8 3
6 6 3
6 3 9
6 1 4
5 8 4
1 3 6
3 1 7
1 6 7
4 4 5
24 9 5
2 9 1
27 5 7
13 7 2
1 5 9
7 2 7
1 9 8
5 2 8
1 2 5
1 5 7
21 4 1
1 4 6
1 6 5
22 7 5
2 7 8
7 5 4
1 4 5
2 7 9
5 5 2
5 4 2
3 5 1
7 8 7
1 4 1
23 1 8
2 9 4
11 8 3
3 1 3
1 4 2
12 3 2
7 7 3
3 2 1
1 4 9
1 1 3
9 8 6
2 5 4
3 1 7
3 2 4
7 2 3
9 3 4
7 5 2
2 7 2
1 7 2
13 4 6
1 9 8
2 8 2
12 2 1
3 3 1
1 8 1
5 3 7
3 2 8
7 2 5
3 8 3
1 4 8
22 6 4
1 3 6
3 5 8
4 5 8
1 3 9
8 4 2
8 8 3
1 6 3
4 2 6
1 9 4
5 3 9
2 8 1
3 2 1
10 4 8
4 7 6
10 1 3
9 8 2
1 7 1
15 3 1
1 8 9
4 4 1
17 1 3
3 2 3
3 6 8
5 9 7
11 1 8
4 7 8
6 2 5
2 1 4
4 6 8
16 8 6
2 6 1
1 9 5
1 7 5
2 5 6
5 6 3
2 8 5
1 2 1
10 6 3
6 5 9
2 1 2
2 4 2
1 2 4
5 9 2
1 4 3
1 9 7
1 6 1
1 1 7
2 7 5
7 2 5
6 5 1
1 2 3
1 4 1
2 8 9
8 1 3
2 5 3
29 3 9
5 3 8
6 8 5
1 6 5
6 3 2
2 2 4
1 1 7
18 9 6
2 2 9
2 2 8
13 6 8
1 7 4
3 5 6
1 5 7
1 7 4
14 9 3
3 4 5
1 9 7
14 3 2
1 7 3
4 2 5
16 8 6
11 6 9
13 6 4
5 5 2
12 2 4
19 4 3
7 4 5
14 5 2
2 3 6
3 9 5
2 6 2
1 5 2
3 5 4
3 4 1
7 9 6
4 6 1
1 1 8
3 6 9
1 8 7
1 9 6
4 1 2
1 7 2
2 9 8
10 2 9
2 2 9
11 3 7
1 8 9
2 3 7
1 1 7
10 2 4
3 4 1
4 1 8
1 6 5
6 7 9
3 9 1
1 5 1
4 4 2
5 2 1
1 2 7
2 7 6
1 2 1
2 9 1
3 4 7
1 3 7
2 8 3
2 6 5
2 5 8
10 7 2
6 9 1
1 7 3
2 8 9
7 3 7
7 3 9
1 8 9
6 2 8
13 9 1
6 9 8
2 2 7
3 7 1
1 8 1
1 1 6
16 1 4
2 7 5
12 4 9
4 8 6
2 5 1
8 8 4
2 4 5
1 8 6
4 6 8
19 1 9
3 8 5
1 6 9
2 2 1
10 4 9
1 1 2
2 1 5
4 7 9
1 8 2
1 2 6
7 5 4
11 9 8
1 4 3
10 8 1
1 2 3
29 9 3
2 6 5
1 5 3
5 9 3
1 8 9
1 9 3
6 4 6
1 5 1
1 6 3
2 1 5
1 9 5
37 3 2
3 6 2
1 6 2
1 6 4
3 1 3
2 1 6
35 2 1
1 6 8
5 1 8
7 1 6
5 3 7
1 8 7
3 7 5
4 2 9
1 2 1
1 4 3
3 7 1
1 3 6
1 1 9
5 9 2
18 1 3
6 1 8
6 3 7
4 8 6
4 6 7
9 7 8
3 2 7
4 6 1
3 5 3
3 2 5
3 6 1
4 7 4
6 5 9
3 1 9
1 6 1
15 8 2
1 8 5
3 4 8
1 5 1
1 6 5
11 3 9
12 2 3
3 8 1
15 1 2
8 9 4
8 4 9
4 2 5
1 4 6
1 2 8
1 6 7
4 3 1
1 8 5
5 3 9
14 9 2
1 7 4
4 1 3
1 4 7
8 3 7
8 7 5
1 7 9
3 3 2
7 9 8
1 9 5
2 8 5
7 5 4
4 9 2
6 4 3
18 2 5
1 4 7
15 5 4
1 4 6
2 2 7
3 8 5
1 7 3
8 2 6
4 2 3
1 7 5
3 4 6
5 6 9
8 5 6
2 4 3
7 4 2
2 8 5
7 5 6
3 5 8
1 8 9
13 3 8
2 2 7
9 8 9
6 8 5
5 5 2
2 7 8
9 2 5
1 7 5
1 5 7
21 6 2
1 7 8
3 8 9
1 4 2
23 2 7
8 9 8
20 7 4
3 7 2
1 2 7
1 6 7
3 5 4
8 5 9
2 7 1
1 8 7
4 2 4
2 8 7
2 8 2
1 7 6
3 9 7
2 2 7
5 7 1
8 9 6
15 4 3
4 4 7
6 1 4
11 3 4
8 6 1
24 4 7
6 1 8
27 7 3
2 7 8
5 8 3
4 8 4
1 8 6
1 6 9
1 6 5
2 4 2
1 8 1
1 5 2
4 1 6
1 7 5
1 5 8
1 8 7
1 7 8
1 8 1
1 2 3
2 4 8
7 9 6
2 8 1
3 3 8
3 1 8
2 2 3
1 4 1
1 1 8
5 8 3
8 6 2
1 9 4
2 4 8
2 8 3
2 6 2
33 3 2
2 8 7
1 6 1
1 1 7
2 3 8
2 8 4
1 4 8
2 7 2
2 3 7
12 2 1
1 8 4
1 4 8
1 4 3
1 8 2
3 7 2
37 2 7
1 1 7
12 7 1
13 1 7
1 3 4
35 7 6
1 4 5
3 7 4
1 5 7
2 3 4
23 6 9
3 1 5
3 3 7
1 3 6
2 5 3
23 9 8
2 4 9
16 8 2
2 7 3
1 5 8
3 7 6
1 9 8
3 8 1
1 9 1
11 6 5
2 4 1
4 8 6
16 2 3
9 1 9
1 8 4
3 9 3
1 1 4
1 9 4
7 5 2
6 2 5
1 8 6
22 3 7
8 5 8
4 4 9
2 1 8
16 7 2
1 3 5
14 2 7
2 2 4
6 9 3
