96577
0
1501.0
1862.0
60.0
71.0
81.0
80.0
6241.0
3600.0
9409.0
77.0
1504.0
1865.0
6244.0
3603.0
9412.0
1
1140.0
1349.0
1539.0
1520.0
83.0
1510.0
1871.0
6250.0
3609.0
9418.0
1143.0
1352.0
1542.0
1523.0
2
1577.0
28690.0
35549.0
118750.0
68571.0
178942.0
1149.0
1358.0
1548.0
1529.0
1580.0
28693.0
35552.0
118753.0
68574.0
178945.0
3
21831.0
25802.0
29412.0
29051.0
1586.0
28699.0
35558.0
118759.0
68580.0
178951.0
21834.0
25805.0
29415.0
29054.0
4
30134.0
545281.0
675602.0
2256421.0
1303020.0
3400069.0
21840.0
25811.0
29421.0
29060.0
456438062404.0
30137.0
545284.0
2256424.0
1303023.0
3400072.0
456438062407.0
5
414960.0
490409.0
558999.0
552140.0
30143.0
545290.0
2256430.0
1303029.0
3400078.0
456438062413.0
414963.0
490412.0
559002.0
552143.0
6
572717.0
10360510.0
42872170.0
24757551.0
64601482.0
8672323185847.0
10490717.0
414969.0
490418.0
559008.0
572720.0
10360513.0
42872173.0
24757554.0
64601485.0
8672323185850.0
10490720.0
7
7884411.0
9317942.0
10621152.0
572726.0
10360519.0
42872179.0
24757560.0
64601491.0
8672323185856.0
10490726.0
7884414.0
9317945.0
10621155.0
8
10881794.0
196849861.0
814571401.0
470393640.0
1227428329.0
164774140531264.0
199323794.0
7884420.0
9317951.0
10621161.0
10881797.0
196849864.0
814571404.0
470393643.0
1227428332.0
164774140531267.0
199323797.0
9
149803980.0
177041069.0
201802059.0
10881803.0
196849870.0
814571410.0
470393649.0
1227428338.0
164774140531273.0
199323803.0
149803983.0
177041072.0
201802062.0
10
206754257.0
3740147530.0
15476856790.0
8937479331.0
23321138422.0
3130708670094187.0
3787152257.0
2846275677.0
177041078.0
201802068.0
1.39887035461651e+19
206754260.0
15476856793.0
8937479334.0
23321138425.0
3130708670094190.0
3787152260.0
2846275680.0
1.39887035461651e+19
11
3363780482.0
3834239292.0
2.657853673771369e+20
206754266.0
15476856799.0
8937479340.0
23321138431.0
3130708670094196.0
3787152266.0
2846275686.0
3363780485.0
3834239295.0
2.657853673771369e+20
12
3928331054.0
294060279181.0
169812107460.0
443101630189.0
5.948346473178973e+16
71955893054.0
54079238034.0
5.049921980165601e+21
3363780491.0
3834239301.0
3.5382825764980724e+33
3928331057.0
294060279184.0
169812107463.0
443101630192.0
71955893057.0
54079238037.0
5.049921980165601e+21
3.5382825764980724e+33
13
63911829329.0
72850546719.0
8418930973648.0
3928331063.0
294060279190.0
169812107469.0
71955893063.0
54079238043.0
5.049921980165601e+21
3.5382825764980724e+33
63911829332.0
72850546722.0
8418930973651.0
14
74638290197.0
5587145304610.0
3226430041911.0
1367161968197.0
1027505522817.0
9.594851762314643e+22
6.722736895346337e+34
63911829338.0
72850546728.0
8418930973657.0
3.121619265482557e+25
74638290200.0
3226430041914.0
1367161968200.0
1027505522820.0
9.594851762314643e+22
6.722736895346337e+34
3.121619265482557e+25
15
1214324757422.0
1384160387832.0
159959688499483.0
74638290206.0
3226430041920.0
1367161968206.0
1027505522826.0
9.594851762314643e+22
6.722736895346337e+34
3.121619265482557e+25
1214324757425.0
1384160387835.0
159959688499486.0
16
1418127513914.0
61302170796480.0
25976077395914.0
19522604933694.0
1.823021834839782e+24
1.2773200101158041e+36
5.9310766044168584e+26
1214324757431.0
1384160387841.0
159959688499492.0
3.7579561443608054e+27
1418127513917.0
25976077395917.0
19522604933697.0
1.823021834839782e+24
1.2773200101158041e+36
5.9310766044168584e+26
3.7579561443608054e+27
17
23072170391189.0
26299047368979.0
3039234081490348.0
493545470522423.0
1418127513923.0
19522604933703.0
1.823021834839782e+24
1.2773200101158041e+36
5.9310766044168584e+26
3.7579561443608054e+27
23072170391192.0
26299047368982.0
3039234081490351.0
493545470522426.0
18
26944422764537.0
370929493740357.0
3.463741486195586e+25
2.426908019220028e+37
1.126904554839203e+28
7.14011667428553e+28
23072170391198.0
26299047368988.0
3039234081490357.0
493545470522432.0
1.3758868932647754e+29
1.1997505083192407e+51
26944422764540.0
2.426908019220028e+37
1.126904554839203e+28
7.14011667428553e+28
1.3758868932647754e+29
1.1997505083192407e+51
19
438371237432762.0
499681900010772.0
5.774544754831678e+16
9377363939926208.0
26944422764546.0
2.426908019220028e+37
1.126904554839203e+28
7.14011667428553e+28
1.3758868932647754e+29
1.1997505083192407e+51
438371237432765.0
499681900010775.0
5.774544754831678e+16
9377363939926212.0
number of monkeys: 4
99
97
10
103
